3917
2468
2090
4927
4923
2328
2580
499
612
1475
3246
1882
1935
2602
1254
4610
1829
4188
3901
1111
208
2497
126
2259
4876
4470
1324
2761
3615
3874
3441
3836
991
1768
4189
4618
680
2931
2717
4400
3530
1907
4031
2428
3796
2986
2767
2988
3210
1341
1355
4810
3183
634
4774
4132
2484
1454
1135
381
684
436
1263
4510
357
4532
1893
1090
527
1714
3217
4123
3657
1033
2915
2304
1088
2819
249
1907
807
1826
762
2956
1845
3667
1134
944
969
1112
1601
1279
1942
114
787
2040
1414
2705
2825
3452
2344
3835
378
125
3385
1990
2817
1149
2820
205
37
1871
1810
1780
985
294
367
524
1316
4518
3058
1620
4873
3806
3539
1702
13
2987
3609
1613
2626
4315
4371
1992
2661
4974
2386
1832
745
405
2824
1856
98
2727
1852
2329
4441
63
3288
3203
139
400
3761
3915
48
3652
4756
1527
4643
1558
4832
1578
2719
2549
2440
1952
700
582
468
2609
2260
3934
828
4789
1104
4740
3309
219
4329
4537
2735
1778
1816
2939
4292
620
309
4462
2465
2293
2016
1307
4178
2375
312
3292
510
3091
4527
2044
4719
4751
401
168
3616
1323
4824
821
301
4953
2402
3945
1196
4391
2734
1906
4845
1046
2392
1151
1666
4241
1634
1199
254
4932
1702
173
1831
2321
1876
1569
3971
916
2297
3269
3868
2386
3498
3228
924
2188
659
2554
1519
4492
906
2483
4586
3428
3818
4893
2183
3449
2937
85
645
170
2896
3091
546
2395
4350
1244
496
983
3091
1427
3552
1442
997
4631
1714
4802
189
1426
4143
833
2054
1431
4429
3219
4587
361
4200
1303
1997
3923
4144
2927
1759
3204
3926
1368
1250
3038
542
985
1480
3563
1068
2795
1129
2046
950
2365
95
4050
2102
1308
1298
926
1492
332
2089
4027
3261
4490
359
1322
3517
4733
4170
169
1301
2600
1283
4335
4869
1408
4711
396
1872
1054
2103
2907
1426
1131
265
1250
3787
3046
924
2487
1872
3600
2895
2554
4733
3306
663
3538
509
1571
4026
4905
4590
827
2550
4095
2677
2198
280
607
1244
2201
4294
2292
4373
1814
1908
1809
181
2320
391
3587
641
1310
962
2175
2114
1119
484
1171
3608
1113
1542
1829
4376
3321
3093
4461
4909
4986
2004
4676
895
3686
247
4089
2230
1814
1479
776
3165
2401
785
3273
4615
3438
2733
4850
1491
1065
2334
2468
278
3255
2718
2157
2764
2659
2584
4690
1487
3092
1715
3811
1291
2636
1905
3676
4719
217
3987
2231
3908
705
898
1011
1818
4416
429
1034
4311
2657
3126
1093
1423
4046
1571
65
3291
2255
1166
3918
1305
4828
331
483
2095
3179
3380
2467
4999
3337
759
3749
4472
1648
3922
2839
4250
2596
2596
2984
2384
2942
4171
56
227
4524
3437
992
1547
3599
79
1160
4469
4123
1255
3429
2258
284
1489
63
2973
3636
604
3635
1746
1023
218
750
3423
4091
3562
916
4572
4808
1718
11
3314
4115
1667
4411
717
1250
1036
313
593
4895
4204
2648
3326
4757
1376
3175
4754
804
4185
1993
746
2157
1778
3847
3753
627
669
1845
637
1447
4182
1495
4052
2
933
521
2113
2841
4612
689
502
522
4684
3870
3273
2712
1960
1164
3199
3984
4646
2422
1313
4217
3297
3347
2472
1158
2584
748
2929
4660
1612
2155
2017
522
3387
1324
4639
3538
4088
3712
1229
1067
3983
4621
3828
2796
2721
3270
2370
3473
1452
4252
1413
1677
1639
3114
1948
1859
985
4401
1393
3245
1223
2824
3529
1233
3039
1778
2559
4887
2143
149
4316
514
4708
925
383
2801
3612
845
3076
2325
2618
1376
1607
4849
301
1891
2364
2827
3336
3076
1334
148
703
3678
1115
1617
4142
3643
2729
966
3625
3952
4748
2304
1947
4535
923
2520
3984
2888
101
4214
1409
653
2278
4347
4946
3303
1810
844
3421
540
646
848
3837
4773
1817
608
4506
4409
4597
1161
15
3955
2021
2099
4877
1235
3254
3119
2589
1048
2205
571
2408
2433
2476
3861
1175
3622
652
2152
3041
4594
354
1129
4344
1044
1113
1600
2723
58
2971
1232
497
1100
4607
1717
689
3073
1081
3304
3652
1853
4356
1748
984
1637
2768
149
3987
3464
4932
2446
4780
3765
3538
383
881
612
3461
1904
935
1142
787
3937
1422
3980
1650
197
128
2825
164
4850
4725
3406
3266
2553
1056
1145
154
813
551
4396
200
1342
2541
614
4174
3307
3735
3173
2827
1057
4305
3407
804
1182
774
531
4574
3267
4721
66
2159
2605
1063
2532
4623
4483
4025
100
921
3220
202
1795
3753
680
2708
1197
1062
2131
363
1070
4388
281
4310
1627
608
4637
3706
4640
3779
3344
1781
2868
778
25
626
2631
3091
2952
913
3911
2255
3883
4444
4220
3560
1221
1290
2834
3361
465
924
4296
4529
4722
449
4611
1446
4048
305
1772
872
66
4403
2265
2860
2567
2471
4750
4541
3370
227
4249
1163
1312
3646
4577
4867
3179
1238
3572
2825
2220
1674
2723
1376
1747
2999
1894
4389
2766
2827
2806
1439
4227
2003
1623
3375
2061
1125
4818
4359
2296
4021
1284
2780
397
4184
1184
4131
3460
129
1028
2101
1613
4342
566
4802
2644
794
4277
335
1680
161
2968
39
3842
2014
1735
3810
645
2213
3643
4136
1282
2903
1446
4299
3561
760
2241
4016
1191
786
778
3125
930
56
2458
351
3693
1218
1056
1074
4748
1131
664
2975
3615
4884
3496
4852
3526
4598
4680
1671
801
3266
4663
1577
1300
3016
294
3930
1652
1818
4661
960
3301
4343
3447
3615
4559
4670
3327
455
4540
3960
878
2761
4938
2379
2460
1479
1217
1008
3498
1510
243
4517
2665
4756
2182
1064
3837
2257
115
2616
782
3800
4389
2667
156
858
2664
2334
145
990
623
4040
4548
3651
1427
2590
1512
1257
68
4108
1081
2707
3994
152
2370
4877
3384
3343
174
1357
237
3892
1277
1891
3466
4356
1859
88
1050
1715
4599
4480
1709
4468
1416
3342
2851
546
1503
420
4505
962
4988
4455
2589
1148
267
573
4080
998
4795
2566
1201
4375
1241
1379
2876
1980
2705
1057
3284
3332
1040
851
1278
4435
4411
1811
1201
3673
79
2254
2022
3569
3733
1531
1556
2569
3571
298
2592
108
298
1196
39
1344
4804
462
4731
4200
33
1957
4087
1258
4550
392
1418
838
1340
2472
157
1875
2849
409
4885
561
2401
1613
2575
2494
2995
1173
2007
3385
4164
3766
2079
2864
123
469
2520
2386
2217
2723
2097
4812
2007
983
1754
508
4356
2718
2855
839
2221
1123
2270
2739
3731
1358
4551
4787
3283
4606
1254
710
1520
4078
497
2782
3321
3088
2266
74
1354
37
1484
2938
3251
864
517
1374
3795
1685
4120
341
4098
997
2583
1374
873
4702
3074
4633
442
2365
2331
4130
2375
1603
3998
731
2316
4831
833
4662
3348
4553
4262
1525
2156
3099
707
4067
1568
2485
2694
2638
113
4759
3377
1066
1324
1253
426
4695
1210
2113
2544
2862
3849
2556
2436
4894
757
339
3157
4025
2822
369
209
3317
4392
1648
4468
1923
541
2206
4547
1841
930
4193
4205
1888
2460
2899
574
4494
3584
3572
35
3289
710
4899
125
4240
3555
1842
1710
2665
441
3323
3021
1305
287
2526
3176
1607
151
1376
102
1775
1244
1443
3762
1080
2072
4432
4711
1565
2367
4589
1022
3964
373
30
296
1288
4656
4165
3108
22
2820
1001
3616
4801
3043
2647
2352
790
2489
2803
3703
351
1480
2317
2744
1977
65
692
179
3692
2549
2836
2024
70
135
1094
3941
1574
3730
259
432
2168
921
2193
1299
3902
3282
978
2819
2705
2289
2735
1382
4034
2790
1375
3223
3923
3991
2191
2084
516
923
1880
2634
1727
3867
748
2669
4187
1713
134
1441
112
1118
2436
903
1719
3429
4614
169
1591
1400
4164
4164
1767
3662
1841
4808
4591
745
1721
3913
4157
545
2347
514
1224
4163
2318
3078
3998
807
4693
895
2030
1363
3475
107
4917
1635
1013
4138
3321
2086
4057
1456
2119
543
4530
178
4892
2640
2745
3610
822
198
2987
1938
784
2421
3645
1226
1664
2242
2432
1626
3265
562
1028
2655
943
2853
221
1998
398
3186
3360
426
600
610
620
620
1835
1868
3241
4111
1967
4931
146
177
3728
3225
1009
1552
4160
2442
1670
75
793
1961
2560
4603
3565
4995
2111
1326
262
1725
1992
3858
1813
3374
1110
2193
2899
500
2391
1736
369
3824
2758
2111
1615
3273
2970
1792
942
169
3857
2984
1527
3689
4511
3072
4568
2773
2452
3304
3058
4607
3312
64
1676
772
127
4558
2196
3257
3893
30
4587
4452
2888
3228
2102
4139
3760
4763
1091
4373
799
2403
2314
1521
1761
3565
3751
1626
1834
1654
25
311
3497
3508
1357
2076
4393
2684
1007
4203
2113
1991
3429
2888
192
3249
1084
47
2123
3807
631
806
4130
1219
1099
1114
1470
3273
2235
3259
1210
3167
2876
1038
1092
343
40
1750
450
1844
12
50
3701
4541
2560
3700
4151
1036
553
2335
779
1190
209
950
840
2625
1833
3004
4237
1614
4155
639
1892
1011
2187
2796
2455
1176
999
1057
3508
917
2594
2925
975
4056
2892
1023
139
759
2438
2217
3656
863
185
3083
1051
651
4565
4839
4640
4692
2736
768
2784
2587
1236
4776
4619
3839
3287
1990
829
1855
1001
4301
768
4134
1120
1419
3357
1889
3603
4094
1425
1234
2776
3446
1937
2402
4278
2450
1766
297
3681
836
382
2206
4937
515
1361
4548
3978
573
2270
3610
2954
3297
1656
1760
260
3781
1597
1971
2543
1173
3200
2399
445
2310
3803
4751
356
1014
3143
679
1247
371
1542
643
906
1197
3199
2279
927
4093
3583
2046
36
3914
2887
3911
1345
2200
779
4387
458
4847
372
1143
4209
1212
4545
3713
4352
2818
3042
4772
3777
4095
3480
1124
622
654
1862
2161
3311
2799
2576
28
3767
32
989
2018
1190
330
4414
2827
4645
3620
540
1473
3635
2416
2955
2840
521
1103
1945
434
4327
758
3772
569
1037
2597
2518
3777
1090
4275
2953
1794
68
411
930
897
164
4788
3608
1281
639
3644
4746
1316
3539
2754
4345
989
1984
685
4842
3281
2810
3144
2050
40
200
83
3151
1167
4470
760
474
4122
2563
4226
4422
3124
2186
1222
2592
119
608
950
1308
291
594
1481
2691
2854
1796
1260
2398
2311
4385
4767
3842
3674
4398
1583
4649
2291
2750
2367
4027
4091
971
2230
2153
2428
1424
3775
2654
1708
1121
3683
4755
235
1184
190
4561
3973
4646
707
326
3750
533
3169
2267
3144
1016
3219
4643
101
1007
3864
92
158
484
591
1019
2527
3367
624
977
4793
914
2634
3056
4677
779
3433
1347
4649
3461
1251
2240
508
213
3855
3039
961
141
3221
4743
3702
4571
4586
3277
545
695
3124
196
527
2055
2904
2339
652
3658
1245
4225
1066
638
2025
2569
1562
4497
4996
4037
4955
4778
1896
2228
2709
1262
1933
3300
1652
90
2367
246
4318
3363
758
3995
3523
4542
1321
3570
1407
2425
2297
4183
1305
30
815
339
1160
4483
1693
53
610
4755
325
1268
1509
1034
116
4873
1969
2763
1300
790
1380
4113
1533
2314
2531
903
1769
2936
2249
2456
3993
3362
2290
2317
378
2128
1268
1779
3208
1904
1522
2529
3974
3645
4623
3281
642
768
4356
3038
3444
2831
1403
1808
1672
2416
792
3063
2480
2987
3674
1158
4411
3938
1533
1107
2556
3002
4476
1912
4586
1342
4585
1266
635
1512
3549
1228
1799
727
206
452
3189
808
3203
1944
3976
2148
2696
2665
4112
4404
4250
2572
1513
1527
1538
3023
987
615
1986
3114
4686
703
2225
4921
2667
4078
3926
3035
1219
4008
2597
2556
120
3360
2596
1650
4429
1727
397
3202
4655
2691
3386
3441
368
3489
2034
1545
4504
753
301
4713
3314
2459
3017
2692
2623
1445
1162
1261
4181
1609
2371
4919
2853
3416
1775
3526
3359
1954
1662
3420
2294
2017
3024
2677
1467
3928
595
402
970
1790
1229
1511
1855
1362
4993
3403
4854
3006
4273
98
845
2436
447
4428
4035
2033
4931
4035
1509
3763
4251
615
2012
3068
1486
3057
4640
2620
863
1338
50
4695
187
2705
4876
604
2873
591
4978
1817
2579
4746
4021
439
3809
3755
4275
89
3168
4577
1736
371
380
2866
4522
197
4091
61
135
4388
2094
719
1600
3029
2893
1361
1290
657
833
4111
1569
2990
705
3199
859
3011
2825
1357
3212
4361
4590
1489
1775
1203
3418
4037
2336
348
4767
1335
3082
4730
2998
4092
2275
3478
3141
1551
2657
2664
4738
4603
3
4765
4114
2222
1696
4288
1783
1474
4520
914
3141
2738
2011
4657
4492
4313
925
2521
1051
1162
719
885
4512
1622
2229
2555
2258
673
417
2283
2139
1260
1922
742
4110
1913
3979
4614
2732
1896
4829
2242
3606
692
4940
878
346
1893
2563
4379
4709
1523
703
4068
1493
1495
107
2668
180
1602
3657
3608
44
1290
4692
4345
4533
71
2269
1077
3871
1202
2572
130
1072
3192
706
3450
484
2993
2480
644
1655
1036
2265
2241
3252
2679
1360
1049
2683
3840
3578
249
2685
451
1945
1589
2295
4433
3774
4741
624
981
4140
1722
3162
4174
2100
469
562
2919
2708
4163
336
3253
591
4570
3557
4925
1626
1986
312
1291
1260
4788
2678
3058
3579
2156
149
1599
582
2878
4567
1916
494
58
1647
813
1259
4006
1228
2220
1544
376
40
1125
207
4200
2328
3769
3346
3967
2218
3331
3198
3250
2632
1437
3520
2245
1150
871
196
4504
4500
2700
3322
2465
3060
3613
2967
2343
1515
2
2476
2314
360
2005
2753
3252
4478
1068
224
4232
88
433
233
1172
4073
4236
889
4487
4194
3188
1697
2611
1448
2279
39
4937
2010
3551
2423
4967
3214
1688
1328
3371
1726
947
822
2820
1605
3925
4459
1453
4221
3541
853
3064
2987
2583
2141
804
713
4419
2349
1398
4817
3685
2630
2753
1714
3770
1404
3646
1501
183
1883
2297
4340
4642
814
745
1999
765
1748
3589
214
230
3425
4647
4813
1695
1693
3474
747
4838
3759
4579
1241
3501
1039
4857
155
4047
2638
3587
4312
2479
1958
438
2545
4712
4545
1075
2867
795
4051
4498
3972
244
3966
2849
3912
340
225
675
4641
4653
2416
4304
4575
791
1474
2248
1157
1325
4892
1744
2967
3582
97
4496
453
4413
1478
4602
3641
4008
2359
627
8
496
3372
4646
1866
2533
2449
405
3041
3471
760
2239
4828
1476
4174
1288
2152
2484
656
3507
1011
4286
4411
3768
784
4705
3190
558
978
1179
625
1015
369
65
1882
4918
1413
842
3268
489
205
3068
4502
718
4230
1187
644
1463
341
3805
1759
1550
1443
1703
437
143
1027
3181
1137
455
2148
3868
2369
2296
2943
2432
2922
3057
816
1388
2691
4647
2924
1853
843
4359
1167
181
2579
2087
1530
3736
4916
1983
1183
960
3279
3635
44
2369
2191
1477
2185
4956
4070
1460
922
3244
2025
4663
3419
3306
917
1423
1062
3705
3559
1752
1781
1193
4013
62
1297
2892
4485
2663
4375
2970
4305
1853
4237
4196
2031
3088
2808
2570
3473
3628
3338
3086
4610
4848
862
2053
4412
4722
3092
4137
1305
2162
3371
511
4704
957
4361
3521
4707
2655
1315
2195
74
2229
3077
4990
57
423
4657
1159
2354
3745
4528
1941
971
4395
937
1100
3670
3806
20
3060
3154
2133
4918
744
140
1861
210
3344
1933
2765
60
1118
4482
3091
4644
1552
15
900
2828
954
985
2113
1899
1425
1285
1370
3125
2472
2683
531
928
322
290
2186
399
1980
379
756
1405
3944
165
10
4280
3537
1619
2591
1787
4009
2759
373
1874
2972
3133
3861
3699
3627
1144
2275
1361
1208
1173
2115
199
2940
3777
3511
2175
626
667
3219
1344
1841
1049
918
3177
4036
139
2009
3192
3498
4562
3676
265
4012
1063
13
712
2266
483
360
4037
3668
3426
597
1361
2330
4558
2349
364
2178
820
2954
1501
724
3345
3225
1566
2983
4427
1912
3389
4482
1575
2383
1467
1658
1606
4185
2330
463
1887
79
1233
4229
1690
3913
2175
2075
1226
612
3472
1309
3616
721
1419
3681
694
3107
4791
3763
4595
4302
2209
1898
2064
2048
95
2047
4556
4817
2714
4041
2819
3170
1949
818
4479
4823
4007
159
4484
4723
2227
2850
3629
2640
410
967
2152
4020
3813
1080
322
466
4788
81
1938
2197
221
2099
430
709
166
2689
625
1503
178
2148
2103
910
1299
2271
453
2316
4579
1345
1164
727
4698
6
3351
627
1815
2653
4249
355
2103
4999
1992
799
2606
2285
4855
1557
2760
1566
2527
4767
1062
482
2299
1192
4330
730
2365
4998
1865
2659
20
4054
4740
391
874
3802
1972
2522
815
443
968
3093
2896
871
233
3861
3109
3576
3871
4696
1165
3323
1971
3333
2906
1203
3148
24
3332
1121
3182
672
798
2052
4598
3881
114
3928
3078
2744
4654
1400
2969
4666
2971
1099
2773
1100
41
2184
1020
1040
3525
4273
1960
2300
4725
4609
4177
1810
1345
2476
1009
2815
4826
2283
1946
3869
2415
2596
1685
3926
2732
2652
3297
2727
4881
4148
1052
1825
1227
1548
957
1726
4237
3698
4542
4767
4284
968
1378
2144
2045
369
50
72
4695
4362
1455
3682
697
4840
3263
1925
2209
2285
216
4147
4473
2194
885
2412
4042
4499
2348
48
46
1654
4379
599
4911
1361
4014
4785
3184
78
2233
4212
4263
1032
1405
1584
1063
738
2205
4452
4815
3748
2294
1271
1940
853
4777
22
3823
1463
319
937
3111
2173
1129
4284
1197
533
2725
2357
2929
3093
2871
18
880
399
3149
2472
1194
3812
2896
1700
236
4778
1172
2538
122
253
1918
2599
2170
3222
4680
4254
473
3263
3367
2788
1231
818
687
189
3793
4876
2266
3595
930
925
1109
3410
4721
3788
871
2948
2193
1773
4328
2397
4506
3962
3190
3870
2483
2618
4471
4802
3516
4675
1893
1634
3828
2145
4148
240
936
2636
2412
4062
3758
363
15
1397
1853
4907
1658
2724
133
3726
1780
855
2158
59
3928
1115
1121
3385
106
4010
4040
4603
1427
2659
4606
2034
2428
4407
2166
4790
1988
1323
3276
2898
2666
2833
446
2618
4706
4109
305
1685
2151
1160
3859
2298
1156
2399
708
1852
4539
480
1492
2982
3377
185
4907
597
152
3985
2402
1496
1363
4371
1356
2536
2702
3519
1004
3575
1149
3735
2453
2594
3833
3193
4204
4478
1354
3801
670
4708
1560
4980
4665
1492
3608
2620
107
1610
551
207
4212
1891
359
4678
1669
342
1300
4190
1142
1715
3813
4016
2049
3757
4363
4001
3199
3838
2691
489
1157
695
803
3212
4998
3020
207
4155
4080
369
4393
3704
46
1319
490
2267
3080
1044
1010
4982
3357
1646
2745
3155
3596
4534
1043
2801
733
3828
2790
2881
3050
2222
1667
4747
1580
4432
4646
4230
1960
3066
1054
4508
4462
4100
2722
1250
1789
4194
1386
3200
3328
2488
4681
2365
2863
2412
4251
3208
1573
2406
3195
2710
4029
1521
4393
4622
2843
4334
1157
4142
4611
4020
4678
2588
4669
1298
4713
452
1955
1936
3355
3316
545
4569
277
4720
1881
241
202
1543
368
3742
4906
4194
269
648
2827
4512
403
4775
124
2667
2467
1841
250
2311
3291
721
806
552
4004
2310
3149
1969
2678
2193
181
236
643
1228
3184
221
1646
978
1147
1172
1979
323
3355
486
2987
2316
1388
2667
1150
3264
4129
2982
1759
849
2570
2478
4621
2644
2304
2967
4511
3640
3426
1320
3709
2868
22
4898
2583
1235
1294
4965
4558
553
2664
1322
3668
2491
4243
1720
3085
3152
1907
536
226
2441
491
711
1761
3394
3197
3983
710
1701
1803
92
3599
4091
1146
95
234
3378
1948
444
2976
4476
3282
2428
1470
2045
4675
4794
4191
3427
2784
846
2651
4699
1747
515
4638
912
3506
928
1353
4842
3256
4993
4632
879
2294
2499
3768
2477
3628
3266
695
587
1345
4147
1992
1698
2587
1568
3885
4671
4568
4183
3412
3566
2969
705
429
837
1753
3579
864
1038
2417
246
4089
1810
2273
1503
1
2581
1846
406
1907
2742
4990
3455
1251
3914
644
275
615
3990
4835
755
4531
3961
3013
881
3109
4171
4529
1647
1317
2240
3910
860
3818
4122
2963
2594
628
4482
498
4089
374
4620
959
33
2375
2365
4892
3234
1325
2150
4234
2403
2376
4782
4119
1428
687
2808
963
4244
2430
3842
1280
394
858
4344
4316
1733
4994
180
3472
90
2278
2495
1838
2960
3372
2467
3605
2477
1454
4744
2020
3670
3733
3899
1288
1281
1363
3470
3789
2651
500
3514
1990
3193
4050
4365
1589
4279
4555
651
1345
505
1139
3533
4978
2949
433
844
3974
1893
475
492
4985
733
2496
394
2902
2393
137
2699
3281
316
2774
2369
728
1616
730
4199
3644
4992
3414
3615
3611
4911
1207
2496
1339
3415
3559
864
415
3385
3587
171
761
1935
2978
625
2339
2499
3272
2937
1085
86
845
3264
1638
2111
2266
3687
4115
801
2788
767
1992
4739
2456
1198
2722
4943
3701
4871
1800
4106
24
3219
53
557
1066
1089
2430
1192
2761
1446
3083
2513
1721
2493
2784
1375
217
3565
3009
802
1541
2245
2128
3902
1663
2352
157
1980
620
1417
385
831
280
597
1099
1510
833
3866
1623
7
4628
3619
2067
2014
3986
1401
1687
4655
3480
3857
102
4026
3417
464
4113
2631
1867
1262
2126
4446
28
3029
1187
48
2811
2465
3517
4643
1231
1172
1663
4568
3392
4672
595
708
4407
2004
2553
752
1678
3251
1547
3369
4807
1279
268
1943
1301
825
804
1662
1981
4517
909
4566
3411
2734
1690
4203
2787
2503
4908
1820
2070
182
2068
2347
1865
2526
1816
3713
2396
4723
494
2200
1448
2292
1298
1405
533
2063
279
1811
1950
3591
4639
745
294
3982
842
2142
1983
3563
3712
1186
478
1083
191
2852
2887
1239
4291
1675
554
4912
4241
4982
2259
2309
3434
834
859
3057
4408
1318
1984
2477
225
192
1244
4144
4806
1509
4640
1800
4346
3411
1391
904
1739
847
1115
2087
2555
789
4032
2516
4851
4419
2737
4652
756
1901
4302
15
653
470
2315
2373
2203
1371
4775
3212
4412
823
4233
334
306
2254
1618
765
4328
3819
67
758
334
224
4741
4358
228
2080
4330
543
2872
990
2455
2272
1248
1724
286
3456
4030
2459
3429
1537
4102
237
4112
2333
4009
564
4231
2681
879
4192
911
4148
1350
1003
322
4853
1349
1701
2294
1791
543
3574
2102
1222
4800
239
890
2111
3617
719
479
369
1387
4838
4742
2173
4557
3668
798
2958
2382
1559
2465
896
2706
1630
2446
3779
2260
1953
68
2573
1215
3676
1826
1384
2453
2271
1231
4232
563
4199
460
3010
4619
4115
4771
4902
3280
982
1382
1563
671
2679
655
4156
1498
4162
4051
734
2315
908
3205
4879
2330
2801
3708
2102
1191
4549
1060
1924
1695
3964
1941
3126
1918
4723
2190
2847
425
2171
80
2752
2345
945
3522
2215
1510
1438
3799
3448
1705
1039
2137
1374
247
1540
1092
3615
534
3201
10
3499
2754
2398
1986
2507
13
2718
2104
82
3464
986
4483
4444
3148
220
4521
1176
446
2619
4386
2239
926
4753
2711
3698
2478
3501
3585
3221
1379
985
2593
1781
3405
2668
1155
3
935
4093
2801
1349
1021
892
3448
4385
824
2696
4757
2817
3235
2112
2006
2788
1314
1627
120
3003
2064
3613
1524
1343
2157
1136
432
3034
3841
3190
1271
356
2555
2008
1912
3138
1713
4976
4327
141
4493
1574
4142
3424
1491
646
1881
1136
4510
636
2204
3881
427
2052
2045
3764
1604
747
568
266
2101
1469
423
3135
3052
1253
2486
3679
3074
1575
736
2410
3044
3918
4075
2727
752
4732
2196
377
224
156
3914
436
3449
313
243
1093
2064
1853
2689
997
3985
792
194
3268
3671
1559
4683
181
4330
4808
4786
14
1740
1191
4229
4964
4313
3898
2934
2272
1242
1268
3387
211
4233
2908
247
4299
1185
883
291
651
1981
4696
1202
1043
965
2587
774
1061
1928
4580
390
3834
3381
2561
764
2816
3319
3993
2576
2869
1187
1684
335
264
2035
670
217
2476
1920
4207
589
1931
4730
804
2021
1572
2863
100
1216
3709
1236
4882
2188
2879
1071
3829
880
1243
2208
3880
3098
1880
3451
1282
4886
3858
3335
4678
1273
1777
3060
2593
2376
3751
3630
1989
795
3095
2060
3095
809
30
4311
2186
547
3747
4290
3498
496
3109
1038
976
508
1073
2803
4881
2047
464
1302
2333
1334
4250
1469
3975
2091
1765
3467
210
1398
4212
4324
2206
2001
2600
3199
1517
2636
3399
55
1168
1573
1326
2624
3480
4309
2576
1545
3926
1707
4068
1326
4050
4049
3999
4315
3460
3824
71
1248
2675
3428
3347
1263
2464
2119
3507
3334
1986
4119
3619
2916
4680
4791
2246
398
377
2502
1644
591
4803
865
4860
2185
1565
2097
1024
4606
549
3773
2275
1205
2377
3821
2052
2557
1070
604
1583
139
2418
1923
2087
1571
3506
2405
3429
1088
1970
1582
3359
620
1064
4706
2010
4878
4631
3887
2917
655
1917
3018
3195
954
1395
4171
3934
3191
2928
79
1332
2958
724
4241
3539
4483
3749
4320
4715
2039
1044
2614
392
920
124
2222
1428
2629
1552
1859
2094
1612
1401
289
4389
336
4290
1172
3499
3987
1804
1978
4538
3359
3369
2225
3607
3189
4217
3088
1616
2817
4470
4622
1310
3852
408
3357
2467
2583
3646
4717
1331
4167
2779
4192
3626
1414
4709
4481
609
3307
1405
1451
1424
4063
2064
1594
2746
2831
887
3372
4156
4680
2136
126
4507
4310
3666
2398
3991
3571
788
1892
1532
3615
1459
983
2651
172
1549
2249
2186
887
2600
226
3960
13
2073
3797
4006
1091
4134
2485
1334
3339
251
677
965
3032
4357
1282
1073
3880
4167
4081
1193
2789
2248
1264
4950
1514
25
1661
3276
3461
663
4912
3089
2841
4981
1546
3562
3720
967
4851
592
1194
270
4092
2030
4361
1334
1825
2759
1256
225
3780
3633
3127
426
3281
220
336
1137
3397
1521
1910
802
2533
962
1403
4851
1049
182
2310
1633
309
1648
102
2202
4451
1636
4641
624
722
4842
4594
1186
1444
3070
3607
138
699
2133
2686
3902
2169
2687
1883
4856
4457
4245
171
4836
2545
225
989
2476
3044
2664
837
2374
3793
4617
3824
3184
4550
2090
2783
593
1562
3006
4044
463
1525
3873
1837
3656
648
2367
2099
2369
236
3040
1913
3871
2003
413
261
2009
2656
774
3633
2362
959
91
2703
1608
2533
2711
4165
2775
2118
3379
2326
2650
3648
2064
516
1517
1075
1514
4886
1750
997
1964
2782
1141
2190
2824
399
1984
856
4860
945
2296
1053
3075
4604
656
1006
4424
2702
2842
4591
3411
1645
4578
372
2305
2603
3856
3649
3670
2340
1878
1052
4074
617
2685
1068
4363
2514
1944
2006
2776
4149
3085
4907
1177
929
23
1722
3927
649
3925
4495
3223
3265
4600
2112
1942
1970
3894
2604
2740
702
2730
1291
1936
3250
2024
3931
2831
790
2977
343
819
1309
1963
4616
4597
3917
1037
3009
4123
3646
469
3603
2224
4291
2163
4166
2294
1410
2337
2898
756
442
289
3552
3791
4665
3997
1267
314
4715
3964
4454
333
2178
1409
1309
3895
1112
499
1378
4660
4021
4941
4422
1252
4898
4419
4476
889
401
3977
1291
4038
1178
1099
1252
695
1070
4228
366
333
2385
2560
1641
567
1499
2456
4073
2223
899
3536
3223
1393
4095
1122
3486
3204
29
689
3098
4766
2881
1085
3041
2570
61
2177
454
3840
2594
4126
2010
696
4433
1981
2481
3047
167
2455
4333
3093
1964
749
1509
4156
2339
3582
828
3568
3775
4692
2737
1639
2241
2789
4130
1159
4547
475
4871
3930
1588
882
479
4571
2330
1452
4038
2742
3537
4007
937
2609
1069
2673
2927
59
1681
4369
2743
960
4989
4549
3209
1498
3561
698
4574
4975
701
4040
327
1181
4324
241
1319
3254
84
1293
2183
3595
1414
495
4533
2
277
941
739
1352
41
154
1257
3820
1136
3851
2514
2777
841
508
655
4009
2121
3624
3062
3713
1530
962
1336
633
3079
1759
3205
1832
2527
2159
2032
4330
3028
4888
3090
3097
955
89
2960
4252
4449
4519
227
650
3074
3161
2147
4148
3785
4916
3659
4694
3390
894
3603
3188
1467
3042
3272
1580
597
1184
1075
8
4763
1018
772
3263
2951
4647
2404
3112
767
1712
3573
2038
3171
924
91
1106
2668
2467
351
2964
4009
3132
1919
4991
4008
4199
3431
1479
2727
1610
1102
4043
4528
236
2224
2098
1246
2315
3174
456
1770
2222
192
4533
732
1842
1790
3186
1586
1301
1250
4642
4713
1556
1885
3242
4767
2525
4611
1912
1013
3260
4512
1573
2213
613
2999
523
3279
2902
4582
627
3906
2242
2067
775
2045
1981
2509
1819
4731
4771
2115
